0 010000000000001
1 0100000000000001
2 01000000000000001
3 010000000000000001
4 0100000000000000001
5 01000000000000000001
6 010000000000000000001
7 0100000000000000000001
8 01000000000000000000001
9 110101
10 00111
11 010000000000000000000001
12 0100000000000000000000001
13 01000000000000000000000001
14 010000000000000000000000001
15 0100000000000000000000000001
16 01000000000000000000000000001
17 010000000000000000000000000001
18 0100000000000000000000000000001
19 01000000000000000000000000000001
20 010000000000000000000000000000001
21 0100000000000000000000000000000001
22 01000000000000000000000000000000001
23 010000000000000000000000000000000001
24 0100000000000000000000000000000000001
25 01000000000000000000000000000000000001
26 010000000000000000000000000000000000001
27 0100000000000000000000000000000000000001
28 01000000000000000000000000000000000000001
29 010000000000000000000000000000000000000001
30 0100000000000000000000000000000000000000001
31 01000000000000000000000000000000000000000001
32 1011
33 000000001
34 0011000011
35 11010001
36 010000000000000000000000000000000000000000001
37 0100000000000000000000000000000000000000000001
38 11010000
39 0111000001
40 100011
41 011111
42 10101
43 0011000010
44 001001
45 00110001
46 0010001
47 010001
48 1101001
49 10000001
50 01100001
51 001000001
52 1100000001
53 11000000001
54 0011000001
55 11000000000
56 1111000001
57 01000001
58 000000000
59 0111001
60 001000000
61 110000001
62 01100000
63 010000000011
64 111100000001
65 011001
66 00100001
67 1000011
68 1111001
69 111001
70 0110001
71 00000001
72 10100001
73 110001
74 010000000010
75 11110000001
76 001101
77 0000001
78 101001
79 1100001
80 01110001
81 00110000001
82 000001
83 011110
84 1110001
85 11110001
86 100000001
87 11100001
88 111100001
89 010000001
90 0100000000001
91 111100000000
92 0100000001
93 011100000001
94 0100000000000000000000000000000000000000000000
95 0001
96 00110000000
97 111101
98 1000010
99 01001
100 00001
101 0101
102 00101
103 0011001
104 011101
105 11101
106 011100000000
107 11100000
108 100101
109 1000001
110 11011
111 01101
112 100010
113 010000000001
114 10011
115 11001
116 11111
117 100100
118 1010001
119 11000001
120 10100000
121 0100001
122 100000000
123 011100000011
124 011100001
125 011100000010
126 01000000000001
127 
128 
129 
130 
131 
132 
133 
134 
135 
136 
137 
138 
139 
140 
141 
142 
143 
144 
145 
146 
147 
148 
149 
150 
151 
152 
153 
154 
155 
156 
157 
158 
159 
160 
161 
162 
163 
164 
165 
166 
167 
168 
169 
170 
171 
172 
173 
174 
175 
176 
177 
178 
179 
180 
181 
182 
183 
184 
185 
186 
187 
188 
189 
190 
191 
192 
193 
194 
195 
196 
197 
198 
199 
200 
201 
202 
203 
204 
205 
206 
207 
208 
209 
210 
211 
212 
213 
214 
215 
216 
217 
218 
219 
220 
221 
222 
223 
224 
225 
226 
227 
228 
229 
230 
231 
232 
233 
234 
235 
236 
237 
238 
239 
240 
241 
242 
243 
244 
245 
246 
247 
248 
249 
250 
251 
252 
